1602285208 0 161493 0
1602326512 0 161699 0
1604844378 659 161699 0
1604848131 738 161699 0
1604850600 809 161699 0
1604865038 1110 161699 0
1604878209 1110 161699 274
1604880107 1110 161699 293
1604922406 1110 161699 648
1605024062 1110 161734 648
1605029603 1110 161765 648
1605032828 1267 161765 648
1605032877 1727 161765 648
1605036125 1857 161765 648
1605047264 1857 161839 648
1605047427 1857 161839 648
1605099996 1886 161839 648
1605121035 1886 161839 704
1605136565 1886 161967 704
1605202435 1886 161967 773
1605205664 1886 161967 773
1605207716 1938 161967 773
1605210389 2038 161967 773
1605214529 2148 161967 773
1605215166 2204 161967 773
1605362693 2204 162230 773
1605367104 2204 162398 773
